.Random.seed <-
c(403L, 10L, -699366777L, 1546222173L, 1078574164L, 719394426L, 
-2011732539L, 715441951L, -296475994L, 1286112304L, 1263253203L, 
-272067343L, -606392288L, -151951682L, -307416375L, 2042087547L, 
-371988918L, -1692114260L, -394725969L, -1697901211L, -596663524L, 
-1170028686L, -2029134867L, -971117529L, -601172914L, -1666303832L, 
176821931L, -1975155767L, 874438616L, -564644218L, -576131231L, 
731521779L, 218848610L, -1127515180L, -1926742313L, -681114419L, 
-2019244956L, 2103069258L, 691457973L, 966505231L, 951685142L, 
428055232L, 1650162819L, 467404961L, 200253072L, 993271150L, 
-920638695L, -1423921237L, 526831002L, -1190332068L, 1403162719L, 
-61923275L, 1431761868L, -1661012190L, -41989763L, 733831799L, 
-778298466L, 1274923608L, -674667589L, -1606769319L, -606798104L, 
-834306282L, 943624337L, 1491643715L, 1806940242L, 1583893220L, 
-546583257L, 1894487421L, 730299508L, 686974554L, -1986747739L, 
475441343L, -538272954L, -995956272L, 1323072499L, 520692497L, 
-289639616L, 791550750L, 21816297L, -1045829349L, 32654122L, 
-304053172L, -1342321649L, -106010811L, -1776299780L, -1615487150L, 
-1228517171L, -168107897L, 750142318L, -2031798968L, -1963278005L, 
1357165737L, -1576909320L, -266883802L, -1949528511L, -1314797613L, 
814210434L, 454357428L, 2108923191L, -25978835L, 1147553092L, 
-1764195734L, -855495467L, 443148911L, 438968182L, 1315201184L, 
-1790494365L, 474544641L, 409217392L, -415442674L, -1509872775L, 
2038817547L, -1659081670L, 591711036L, 533815423L, 598885333L, 
532000236L, 841727810L, 909754525L, -827066089L, -5222274L, 1024485432L, 
-1117454565L, -435745671L, 1365284040L, 2097411318L, -1946262223L, 
1396282723L, -1619888334L, 106078340L, 1885191367L, 649883549L, 
396024596L, -1299011142L, -2038267899L, -1606289953L, 247187558L, 
1947858928L, -428736237L, -576807247L, 523000160L, 1033596670L, 
671550089L, 818980283L, 1076584330L, 1775371884L, -272812049L, 
299880485L, -804921124L, -1986492750L, -809506387L, -190653081L, 
943311502L, 1163481960L, -1966552213L, 738686217L, -2101146728L, 
-2093102394L, 316715041L, 902788275L, 2098898466L, -1817290732L, 
-163930985L, 1434826381L, 1564858276L, 2136492426L, -205867531L, 
79243343L, -1658945706L, -343206400L, 687941443L, -1288634655L, 
129096784L, 1156392110L, -500924327L, -1683546005L, -688925222L, 
1345044124L, -1679028065L, 70658805L, -2128070772L, -868428190L, 
-1149900227L, 2014565559L, 1416301406L, 1826991768L, 1760136699L, 
-476459111L, -1719424984L, 657985750L, -760474287L, -1170242557L, 
-1471485038L, -1403451100L, -759525401L, -792259523L, 1655743156L, 
-1346784998L, 1559560805L, -475011329L, 1528290182L, 1353694480L, 
-1454787149L, 189802065L, -54786560L, 960070366L, -875327191L, 
1314290907L, -1429025814L, 234724236L, 1276533967L, 780190853L, 
1509543740L, -1652847086L, 11013389L, 1317754439L, -1833432018L, 
-492875384L, -1855764341L, -24632727L, -1805607368L, 1487992550L, 
-478637439L, -1417814509L, 1711188418L, -389266828L, -1864784777L, 
-767644307L, -1136586236L, 40995384L, 1024422298L, -594115120L, 
34551228L, 324429460L, 739590786L, 315712960L, 1935003452L, -135023984L, 
-1283356894L, 1921652232L, -1381068020L, 1973832604L, 863577106L, 
1724314496L, -2028950764L, 1061922088L, -899436486L, 1745572816L, 
-448722324L, 1251388468L, -999958382L, 210108768L, -1419092660L, 
-724267552L, -510757982L, -1325818968L, -2095354740L, 808174524L, 
1830857842L, -1088272400L, -719080380L, 631769176L, -938401734L, 
148852848L, 176424508L, -1553643756L, 1676843714L, -2037136672L, 
655830140L, -1706414896L, 695237538L, -1709871576L, 1285441804L, 
506992572L, -839018190L, -672333632L, -935579084L, -1553659192L, 
-1776538950L, -1429605232L, -810690836L, 1885371988L, 2064156306L, 
1270368032L, 1957066700L, 1818919136L, -1446068542L, 1000846376L, 
-1067508820L, -406046020L, 1014024690L, -580020688L, 230848420L, 
1741435320L, 1553220442L, -2064993136L, 1181068156L, 1119627028L, 
129584450L, 891563776L, -859565124L, -129052848L, 1778731298L, 
1899782728L, 576131084L, -489974692L, -133926446L, -1049330176L, 
-1347280556L, 89985256L, -298295046L, 1179682512L, -470527700L, 
157425908L, -1963831918L, -1569760928L, -1517889524L, 1151795936L, 
1767533154L, 1996047016L, -199464372L, 1329409916L, -912288462L, 
-277764496L, 1318286148L, -962517032L, -704870534L, -656116176L, 
-358733892L, 1423849044L, 993546306L, -1942884192L, 1661236924L, 
1096985040L, 612107106L, -317447448L, -1639661364L, 120906236L, 
1531572722L, 156109440L, 1178770932L, -912623992L, 762765114L, 
-354036912L, 567307372L, -222428780L, -1462799278L, 1419133408L, 
332963020L, 71091360L, -453036670L, -35976984L, 2076210924L, 
1219646780L, 1459735666L, 281864304L, 431882276L, -602813384L, 
55340826L, -550753072L, -729514180L, 1614718868L, -1495575678L, 
-585791040L, 1198915132L, 213222800L, -1418936798L, -365271800L, 
331935372L, -405135588L, 924057746L, -2094548608L, 1298523668L, 
682188584L, 2113215034L, 1571503568L, -483022484L, 1900856244L, 
-759212014L, -336677408L, 657426380L, 626581728L, 2137741346L, 
1658708264L, -254779892L, -244291780L, 1692206066L, -1224025360L, 
-890515900L, 1956201048L, 527159098L, -762206736L, 946607804L, 
1716123924L, 1768915650L, 1107981408L, -33700996L, -1418340400L, 
-515956446L, -93357400L, 811211660L, 2134407356L, -813404366L, 
893413952L, 318307508L, 2102698568L, 1981982138L, 757875216L, 
-356699412L, 1901093204L, 1524908306L, -1511879264L, 431760076L, 
-1597464992L, -578848830L, 1324492584L, 403566508L, 269771580L, 
-1754846862L, 1325464368L, -1314427612L, 410528568L, -15622438L, 
-981866608L, -1083011332L, -1055167596L, -591519678L, -1391471360L, 
415482940L, 175194448L, 453644450L, 105898312L, 309778188L, 426656476L, 
925003090L, 193234048L, 2067390548L, -999829528L, 1716332794L, 
-292115632L, -555843796L, -1816073868L, 111012754L, 1411278944L, 
-155038324L, 747920224L, -1044645406L, 392164264L, 1794651340L, 
1111080956L, -2031409742L, -1799768592L, -1471198268L, 1405986136L, 
-1647666822L, 1140868016L, 142013102L, -977866917L, -188645571L, 
-1709605462L, 1651413576L, -1225084303L, 1280066531L, -1900597532L, 
-1321961966L, 1040040423L, 499711409L, 1592658934L, 408012308L, 
-997873371L, 1482953263L, 294356968L, 1796141254L, 96200051L, 
781037013L, 1867321778L, 1761292160L, 2021389161L, 949589979L, 
1556930348L, -133869254L, 295186415L, -1667171719L, 1967664398L, 
957629660L, -583574707L, -1280232777L, 142311488L, 1975320862L, 
714042347L, 359274349L, -697311782L, -1918038120L, -798548479L, 
-919113805L, -1361010988L, -1954109470L, -1619539337L, -1458654271L, 
-1595379386L, 1440768132L, 1701340725L, -1875743201L, 72915320L, 
-471263146L, 279868643L, -1080188251L, 633069378L, 135707952L, 
-1603617447L, 684568267L, -510228676L, 135778154L, 338345375L, 
1905021993L, 1725220542L, -783030356L, -600462083L, -1334978489L, 
-814012624L, 1909702734L, -850867077L, -572579875L, -1953034742L, 
398086952L, -1056973423L, 1763238787L, 1784268932L, -1790482766L, 
-885884409L, 2042006097L, -163479082L, -887575372L, 1375508677L, 
-1078203889L, 1551352456L, 66795430L, 1567276883L, 937050293L, 
1147411986L, 1812397024L, 940412489L, -613577605L, 1572629836L, 
542120154L, -1338234673L, 1533228185L, 1073150126L, 1915561404L, 
1370717741L, -1309206057L, -1630392288L, -1544219266L, 290507595L, 
-1040101043L, 1617457018L, 956383672L, -1362697375L, -1358925037L, 
-1945810124L, 239700290L, -1950954153L, -1811404639L, 1963884902L, 
1348940644L, -2144855403L, 720460735L, -136745128L, -215620234L, 
-1382742141L, -1261199931L, -86531358L, -593638576L, 2139002489L, 
302258603L, -1020809444L, 1272445002L, 328608831L, -18207607L, 
-1822635874L, 240010572L, -82336483L, 1690181799L, -1673392176L, 
-1060370578L, -167645669L, -1209821315L, 990043498L, 1493300232L, 
1564687537L, -195339485L, -1177933788L, 141126354L, 1043857191L, 
-27188879L, -1094146122L, -31696044L, -1751587355L, -539156497L, 
